.\hannah_386877405_735343805102100_1920294011243873251_n.jpg 1 364 688 392 406
.\hannah_399662371_1049709599511458_3518507848566650801_n.jpg 1 308 772 364 344
.\hannah_400422473_1094138428419574_5932471784129948106_n.jpg 1 348 408 400 416
.\joel_20231105_175159.jpg 1 246 692 194 218
.\joel_20231105_175201.jpg 1 224 798 264 272
.\joel_20231105_180147.jpg 1 238 654 274 262
.\joel_20231105_180213.jpg 1 178 356 370 412
.\lisa_IMG_5044.JPG 1 438 454 278 298
.\lisa_IMG_5050.JPG 1 422 738 320 334
.\lisa_IMG_5052.JPG 1 470 558 326 314
.\lisa_lisa_IMG_4785.JPG 1 434 644 310 310
.\lisa_lisa_IMG_4788.JPG 1 430 422 350 348
.\nathan_nathan_IMG_9951.jpg 1 640 344 256 246
.\rishabh_IMG_5713.JPG 1 176 668 664 642
.\rishabh_IMG_5714.JPG 1 764 758 208 226
.\rishabh_IMG_5715.JPG 1 428 568 252 288
.\rishabh_IMG_5765.JPG 4 542 498 210 212 694 326 130 130 1004 344 184 182 182 462 224 212
.\rishabh_IMG_5769.JPG 4 704 272 182 174 376 492 220 196 630 818 218 224 396 1030 222 92
.\rishabh_IMG_5775.JPG 2 132 270 168 150 1108 962 242 156
