.\hannah_384557608_3458909897666077_7157484317192812685_n.jpg 1 240 626 368 342
.\hannah_385531069_1305421250860627_8431905841181973488_n.jpg 1 248 464 390 408
.\hannah_386833751_1090733182304418_5762516755627538501_n.jpg 1 286 474 438 428
.\hannah_399212030_333141722676585_3095097899925184473_n.jpg 1 252 760 382 360
.\joel_20231105_175138.jpg 1 150 632 226 224
.\joel_20231105_175146.jpg 1 254 460 306 330
.\joel_20231105_175154.jpg 1 192 582 296 262
.\joel_20231105_180149.jpg 1 128 556 382 328
.\lisa_IMG_5048.JPG 1 498 766 176 192
.\lisa_IMG_5054.JPG 1 470 694 250 290
.\nathan_nathan_IMG_9953.jpg 1 600 648 262 246
.\rishabh_IMG_5710.JPG 1 438 734 452 466
.\rishabh_IMG_5711.JPG 1 362 220 466 354
.\rishabh_IMG_5717.JPG 1 158 974 284 256
.\rishabh_IMG_5719.JPG 1 256 404 758 806
.\rishabh_IMG_5721.JPG 1 406 680 314 302
.\rishabh_IMG_5722.JPG 1 328 516 484 554
.\rishabh_IMG_5763.JPG 4 386 170 202 236 318 560 248 232 812 606 212 264 668 1054 270 286
.\rishabh_IMG_5780.JPG 2 444 704 82 66 588 202 116 112
