.\hannah_384561912_306633888902282_4527306761923316562_n.jpg 1 500 684 440 430
.\hannah_385531784_645848391076013_5191524247196205692_n.jpg 1 424 498 240 204
.\joel_20231105_175128.jpg 1 180 470 290 324
.\joel_20231105_175141.jpg 1 184 638 190 196
.\joel_20231105_175148.jpg 1 376 758 254 234
.\joel_20231105_180145.jpg 1 222 454 384 356
.\joel_20231105_180151.jpg 1 182 622 374 400
.\lisa_IMG_5041.JPG 1 688 470 300 260
.\lisa_IMG_5043.JPG 1 522 774 326 328
.\lisa_IMG_5057.JPG 1 540 766 230 236
.\lisa_lisa_IMG_4784.JPG 1 400 612 358 372
.\lisa_lisa_IMG_4786.JPG 1 466 654 324 332
.\nathan_nathan_IMG_9952.jpg 1 596 510 282 278
.\nathan_nathan_IMG_9955.jpg 1 772 380 240 262
.\nathan_nathan_IMG_9957.jpg 1 556 338 446 506
.\nathan_nathan_IMG_9958.jpg 1 528 680 120 114
.\rishabh_IMG_5709.JPG 1 374 808 376 394
.\rishabh_IMG_5766.JPG 4 240 478 278 206 662 564 198 256 744 152 182 212 1070 348 188 220
.\rishabh_IMG_5770.JPG 4 514 466 234 198 682 894 250 262 130 752 236 156 20 412 152 188
